<CoordinateSystem> { Z-up } 
<Material> Locust {
  <Scalar> diffr { 0.470560 }
  <Scalar> diffg { 0.470560 }
  <Scalar> diffb { 0.470560 }
  <Scalar> specr { 0.270000 }
  <Scalar> specg { 0.270000 }
  <Scalar> specb { 0.270000 }
  <Scalar> shininess { 5.5 }
  <Scalar> ambr { 1.000000 }
  <Scalar> ambg { 1.000000 }
  <Scalar> ambb { 1.000000 }
  <Scalar> emitr { 1.176400 }
  <Scalar> emitg { 1.176400 }
  <Scalar> emitb { 1.176400 }
}

<Texture> Texture.001 {
  "./tex/locust diffuse2.jpg"
  <Scalar> envtype { MODULATE }
  <Scalar> minfilter { LINEAR_MIPMAP_LINEAR }
  <Scalar> magfilter { LINEAR_MIPMAP_LINEAR }
  <Scalar> wrap { REPEAT }
}

  <Group> Armature {
    <Dart> { 1 }
    <Joint> Bone {
      <Transform> {
        <Matrix4> {
          0.9995709657669067 -0.015518033877015114 0.024838685989379883 0.0 
          -0.019708313047885895 -0.9837390780448914 0.1785186231136322 0.0 
          0.021664470434188843 -0.1789315640926361 -0.9836232662200928 0.0 
          0.00037974450970068574 0.029226873070001602 0.007457872852683067 1.0 
        }
      }
      <VertexRef> {
        667 694 716
        <Scalar> membership { 0.284923 }  <Ref> { Locust.001 }
      }
      <VertexRef> {
        0 1 2 3 4 5 6 7 8 9 10 11 12 13 14 15 16 17 18 19 20 21 22 23 24 25 26 28 29 30 32 33 34 35 36 37 38 39 40 41 44 45 46 47 48 49 50 51 52 53 54 55 56 57 58 60 61 62 63 66 67 70 71 72 73 74 75 76 77 78 80 82 83 84 85 86 87 88 89 90 92 93 94 96 98 99 101 103 109 110 111 112 113 114 115 116 117 118 119 120 121 122 123 124 125 126 127 128 129 130 132 133 134 139 140 141 142 143 144 145 146 147 148 149 150 151 152 153 154 155 156 157 158 159 160 161 162 163 164 165 166 167 168 170 171 173 174 175 182 183 188 189 191 192 193 194 195 196 197 198 199 200 201 202 203 204 205 206 207 208 209 210 211 212 213 214 215 216 217 218 219 220 221 222 223 224 226 227 229 230 231 232 234 235 236 237 238 239 240 241 242 243 244 245 246 247 248 249 250 251 252 253 254 255 256 257 258 259 260 261 262 263 264 265 266 267 270 274 276 277 279 281 282 283 308 309 310 311 312 313 314 315 316 317 318 319 320 321 322 323 324 325 326 327 328 329 330 331 332 333 334 335 336 337 338 339 340 341 342 343 344 345 346 347 349 351 352 353 354 355 356 357 358 363 365 366 367 368 369 370 371 372 373 374 375 376 377 378 379 380 381 382 383 384 385 386 387 388 389 390 391 392 393 394 395 397 399 400 401 402 403 404 405 406 407 408 409 410 411 412 413 414 429 430 431 432 433 434 435 436 437 438 439 440 441 442 444 445 446 447 448 449 450 451 452 453 454 455 456 457 458 459 460 461 462 463 464 465 466 467 468 469 470 471 472 473 474 475 476 477 478 479 483 484 485 487 488 495 496 497 498 499 500 501 502 503 507 508 509 510 511 512 513 514 515 516 517 518 519 520 521 522 523 524 525 526 527 528 529 532 533 534 536 537 538 539 540 541 542 543 544 545 546 547 548 549 550 551 552 553 554 555 556 557 558 559 560 561 562 563 564 565 566 567 568 570 572 573 574 575 577 579 582 584 585 586 588 589 604 605 606 607 608 609 626 627 635 636 637 655 656 661 666 668 669 670 671 672 675 676 678 681 684 686 687 689 690 691 693 695 696 697 699 704 705 706 707 708 709 710 711 712 713 714 715 717 718 725 728 730 732 733 734 735 736 739 742 744 747 751 753 758 759 760 761 763 764 766 767 768 769 770 772 773 776 781 782 785 786 788 793 796 799 808 809 810 826 827 828 833 838 840 843
        <Scalar> membership { 0.000000 }  <Ref> { Locust.001 }
      }
      <Joint> Bone.001 {
        <Transform> {
          <Matrix4> {
            -0.010539626702666283 -0.3397945761680603 0.9404407143592834 0.0 
            0.9999207854270935 -0.010074276477098465 0.007566254120320082 0.0 
            0.0069032879546284676 0.9404458999633789 0.3398737609386444 0.0 
            4.3655745685100555e-11 0.022677646949887276 7.543121682829224e-10 1.0 
          }
        }
        <VertexRef> {
          0 1 2 3 4 5 6 7 8 9 10 11 12 13 14 15 16 17 18 19 20 21 22 23 24 25 26 27 28 29 30 31 32 33 34 35 36 37 38 39 40 41 42 44 45 46 47 48 49 50 51 52 53 54 55 56 57 58 59 60 61 62 63 66 67 70 71 72 73 74 75 76 77 78 80 82 83 84 85 86 87 88 89 90 91 92 93 94 95 96 97 98 99 100 101 102 103 104 105 106 107 108 109 110 111 112 113 114 115 116 117 118 119 120 121 122 123 124 125 126 127 128 129 130 131 132 133 134 135 136 138 139 140 141 142 143 144 145 146 147 148 149 150 151 152 153 154 155 156 157 158 159 160 161 162 163 164 165 166 167 168 169 170 171 172 173 174 175 176 177 179 181 182 183 184 185 187 188 189 190 191 192 193 194 195 196 197 198 199 200 201 202 203 204 205 206 207 208 209 210 211 212 213 214 215 216 217 218 219 220 221 222 223 224 225 226 227 228 229 230 231 232 233 234 235 237 240 244 245 246 247 248 249 250 251 252 253 254 255 256 257 258 259 260 261 262 263 264 265 266 267 268 269 270 271 272 273 274 275 276 277 278 279 280 281 282 283 284 285 286 287 288 289 290 291 292 293 294 295 296 297 298 299 300 301 302 303 304 305 306 307 308 309 310 311 312 313 314 315 316 317 318 319 320 321 322 323 324 325 326 327 328 329 330 331 332 333 334 335 336 337 338 339 340 341 342 343 344 345 346 347 348 349 350 351 352 354 355 356 357 360 362 363 364 365 366 367 368 369 370 371 372 373 374 375 376 377 378 379 380 381 382 383 384 385 386 387 388 389 390 391 392 393 394 395 397 399 400 401 402 403 404 405 406 407 408 409 410 411 412 413 414 415 416 417 418 419 420 421 422 423 424 425 426 427 428 429 430 431 432 433 434 435 436 437 438 439 440 441 442 443 444 445 446 447 448 449 450 451 452 453 454 455 456 457 458 459 460 461 462 463 464 465 466 467 468 469 470 471 472 473 474 475 476 477 478 479 482 483 485 486 487 488 489 492 494 495 496 497 498 499 500 501 502 503 504 506 507 508 509 510 511 512 513 514 515 516 517 518 519 520 521 522 523 524 525 526 527 528 529 530 531 532 533 534 535 536 537 539 540 541 542 544 546 548 550 551 552 553 554 555 556 557 558 559 560 561 562 563 564 565 566 567 568 569 570 571 572 573 574 575 576 577 578 579 580 581 582 583 584 585 586 587 588 589 590 591 592 593 594 595 596 597 598 599 600 601 602 603 604 605 606 607 608 609 610 611 613 615 616 617 618 619 620 621 624 625 626 627 628 630 631 632 633 634 635 636 637 638 639 640 641 642 646 647 648 649 650 651 652 653 654 655 656 657 658 661 662 663 664 665 666 667 668 669 670 671 672 675 676 677 678 681 684 686 687 689 690 691 692 693 694 695 696 697 699 700 701 704 705 706 707 708 709 710 711 712 713 714 715 716 717 718 719 722 725 726 727 728 729 730 731 732 733 734 735 736 737 738 739 740 741 742 744 746 747 748 750 751 752 753 756 758 759 760 761 762 763 764 765 766 767 768 769 770 772 773 775 776 777 781 782 783 784 785 786 787 788 789 792 793 796 797 798 799 800 801 803 804 805 806 807 808 809 810 811 812 813 814 817 819 820 821 822 823 824 825 826 827 828 829 830 831 832 833 834 835 836 837 838 839 840 841 842 843 844 845
          <Scalar> membership { 0.000000 }  <Ref> { Locust.001 }
        }
        <Joint> Bone.005 {
          <Transform> {
            <Matrix4> {
              -0.08461423218250275 0.9930760860443115 0.08148688077926636 0.0 
              -0.9773992300033569 -0.06682150065898895 -0.20056231319904327 0.0 
              -0.19372856616973877 -0.09661563485860825 0.976285994052887 0.0 
              -7.421476766467094e-10 0.00921477098017931 7.494236342608929e-10 1.0 
            }
          }
          <VertexRef> {
            225 228 528 532 535 537 663 726 729 738 744 792 793 797 800 801
            <Scalar> membership { 1.000000 }  <Ref> { Locust.001 }
          }
          <VertexRef> {
            68 79 682 685
            <Scalar> membership { 0.000394 }  <Ref> { Locust.001 }
          }
          <VertexRef> {
            230 234 529 534 550
            <Scalar> membership { 0.918498 }  <Ref> { Locust.001 }
          }
          <VertexRef> {
            233 530 665 727
            <Scalar> membership { 0.996714 }  <Ref> { Locust.001 }
          }
          <VertexRef> {
            81 396 673 683
            <Scalar> membership { 0.000802 }  <Ref> { Locust.001 }
          }
          <VertexRef> {
            250 253 260 263 559 566
            <Scalar> membership { 0.101276 }  <Ref> { Locust.001 }
          }
          <VertexRef> {
            214 215 232 551
            <Scalar> membership { 0.921305 }  <Ref> { Locust.001 }
          }
          <VertexRef> {
            531 664 737 740 741
            <Scalar> membership { 0.942919 }  <Ref> { Locust.001 }
          }
          <VertexRef> {
            1 3 4 6 7 8 9 10 11 12 13 14 15 16 17 21 22 23 24 25 26 27 28 29 30 31 32 33 34 35 36 37 38 40 45 46 48 49 50 51 52 53 56 59 60 61 62 63 66 67 69 70 71 72 73 74 75 76 77 78 80 82 83 84 85 86 87 88 89 90 91 92 93 94 95 96 97 98 99 100 101 102 103 104 105 106 107 108 109 110 111 112 113 114 115 116 117 118 119 120 121 122 124 125 126 128 129 130 131 132 133 134 135 136 138 139 142 143 144 146 148 149 150 155 158 159 160 161 162 163 164 165 166 167 168 169 170 171 172 173 174 175 176 177 179 181 183 184 185 187 188 189 190 191 192 194 195 196 197 198 199 200 201 202 203 204 205 206 207 208 209 210 211 212 213 217 219 220 221 222 223 224 226 229 235 245 248 249 252 254 255 258 259 262 264 268 269 270 271 272 273 276 277 279 281 282 283 302 303 304 305 306 307 310 311 314 315 317 318 319 320 321 322 323 324 325 326 327 329 330 332 333 334 335 336 337 338 339 340 341 342 343 344 345 346 347 348 349 350 351 352 354 356 357 359 360 362 364 365 366 367 368 369 370 371 373 374 375 376 377 378 379 380 381 382 383 384 385 386 387 388 389 390 391 392 393 394 395 397 399 400 401 402 403 404 405 406 407 408 409 410 411 412 413 414 415 416 417 418 419 420 421 422 423 424 425 426 427 428 429 430 431 432 433 434 435 436 438 439 440 441 442 443 444 445 447 448 449 450 451 452 453 454 455 456 457 459 460 461 462 463 464 468 469 470 471 472 473 474 475 476 477 478 479 482 483 486 487 488 489 490 492 494 495 496 497 498 499 500 501 502 503 504 505 506 507 508 509 510 511 512 513 514 515 516 517 518 519 520 521 522 523 524 525 527 540 541 552 553 554 555 556 557 558 563 564 567 568 569 571 572 573 574 576 578 582 584 585 586 588 589 601 602 603 604 605 606 607 608 611 613 615 616 617 618 619 620 621 624 625 628 630 631 632 636 637 638 639 640 644 646 647 648 649 650 651 652 653 654 655 656 657 658 659 660 661 662 666 667 668 669 670 671 672 675 676 677 678 681 684 686 687 688 689 690 691 692 693 694 695 696 697 698 699 700 701 704 705 706 707 708 709 710 711 712 713 714 715 716 717 718 725 728 730 731 732 736 742 743 745 746 747 748 749 750 751 752 753 756 758 759 760 761 762 763 764 765 766 767 768 769 770 771 772 773 775 776 777 779 781 782 783 784 785 786 787 788 789 791 794 795 798 799 802 803 804 805 806 807 808 809 817 826 828 829 830 831 832 833 834 835 836 837 838 839 840 841 842 843 844 845
            <Scalar> membership { 0.000000 }  <Ref> { Locust.001 }
          }
          <VertexRef> {
            216 227 231 526 533 536
            <Scalar> membership { 0.813334 }  <Ref> { Locust.001 }
          }
          <Joint> Bone.007 {
            <Transform> {
              <Matrix4> {
                -0.9922085404396057 0.08272504061460495 0.09315965324640274 0.0 
                -0.11051946133375168 -0.9295929074287415 -0.351628839969635 0.0 
                0.057511262595653534 -0.3591857850551605 0.9314935803413391 0.0 
                -2.3283064365386963e-10 0.017865588888525963 -4.0745362639427185e-10 1.0 
              }
            }
            <VertexRef> {
              236 237 238 239 240 241 242 243 244 538 539 540 541 542 543 544 545 546 547 548 549 659 660 661 662 730 731 732 733 734 735 736 739 742 743 794 795 796 798 799 802 803
              <Scalar> membership { 1.000000 }  <Ref> { Locust.001 }
            }
            <VertexRef> {
              663 726 738 797 800
              <Scalar> membership { 0.043937 }  <Ref> { Locust.001 }
            }
            <VertexRef> {
              0 1 2 3 4 5 6 7 8 9 10 11 12 13 14 15 16 17 18 19 20 21 22 23 24 25 26 27 28 29 30 31 32 33 34 35 36 37 42 43 44 45 48 49 50 51 52 53 54 55 56 57 59 60 61 62 63 64 65 66 67 68 69 70 71 72 74 75 76 77 78 79 80 81 82 83 84 85 86 87 88 89 90 91 92 93 94 95 96 97 98 99 100 101 102 103 104 105 106 107 108 109 110 111 112 113 114 115 116 117 118 119 120 121 122 123 124 125 126 127 128 129 130 131 132 133 134 135 136 137 138 139 140 141 142 143 144 145 146 147 148 149 150 151 152 153 154 155 156 157 158 159 160 161 162 163 164 165 166 167 168 169 170 171 172 173 174 175 176 177 178 179 180 181 184 185 186 187 188 189 190 191 192 193 194 195 196 197 198 199 200 201 202 203 204 205 206 207 208 209 210 211 212 213 214 215 216 217 218 219 220 221 222 223 224 225 226 227 228 229 230 231 232 233 234 235 245 246 247 248 249 250 251 252 253 254 255 256 257 258 259 260 261 262 263 264 265 266 267 268 269 270 271 272 273 274 275 276 277 278 279 280 281 282 283 284 285 286 287 288 289 290 291 292 293 294 295 296 297 298 299 300 301 302 303 304 305 306 307 308 309 310 311 312 313 314 315 316 317 318 319 320 321 322 323 324 325 326 327 328 329 330 331 332 333 334 335 336 337 338 339 341 342 343 344 345 346 347 348 349 350 351 352 354 355 357 359 360 361 362 364 365 366 367 368 369 370 371 372 373 374 375 376 377 378 379 380 381 382 384 385 386 387 388 390 391 392 393 394 395 396 397 398 399 400 401 402 404 405 406 407 408 409 410 411 412 413 414 415 416 417 418 419 420 421 422 423 424 425 426 427 428 429 430 431 432 433 434 435 436 437 438 439 440 441 442 443 444 445 446 447 448 449 450 451 452 453 454 455 456 457 458 459 460 461 462 463 464 465 466 467 468 469 470 471 472 473 474 475 476 477 478 479 480 481 482 485 486 487 488 489 490 491 492 493 494 495 496 497 498 499 500 501 502 503 504 505 506 507 508 509 510 511 512 513 514 515 516 517 518 519 520 521 522 523 524 525 526 527 528 529 530 531 532 533 534 535 536 537 550 551 552 553 554 555 556 557 558 559 560 561 562 563 564 565 566 567 568 569 570 571 572 573 574 575 576 577 578 579 580 581 582 583 584 585 586 587 588 589 590 591 592 593 594 595 596 597 598 599 600 601 602 603 604 605 606 607 608 609 610 611 612 613 614 615 616 617 618 619 620 621 622 623 624 625 628 629 630 631 632 633 634 635 636 637 638 639 640 641 642 643 644 645 646 647 648 649 650 651 652 653 654 655 656 657 658 664 665 666 667 668 669 670 671 672 673 674 675 676 677 678 679 680 681 682 683 684 685 686 687 688 689 690 691 692 693 694 695 696 697 698 699 700 701 702 704 706 707 708 709 710 712 713 714 715 716 717 718 719 720 721 722 724 725 727 728 729 737 740 741 744 745 746 747 748 749 750 751 752 753 755 756 758 759 760 761 762 763 764 765 766 767 768 769 770 771 772 773 774 775 776 777 778 779 781 782 783 784 785 786 787 788 789 791 792 793 801 804 805 806 807 808 809 810 811 812 813 814 815 816 817 818 819 820 821 822 823 824 825 826 827 828 829 830 831 832 833 834 835 836 837 838 839 840 841 842 843 844 845
              <Scalar> membership { 0.000000 }  <Ref> { Locust.001 }
            }
          }
        }
      }
      <Joint> Bone.002 {
        <Transform> {
          <Matrix4> {
            0.010508310049772263 0.3354901373386383 -0.941985011100769 0.0 
            -0.9999205470085144 0.010074220597743988 -0.007566419895738363 0.0 
            0.006951306946575642 0.9419898390769958 0.3355694115161896 0.0 
            4.3655745685100555e-11 0.022677646949887276 7.543121682829224e-10 1.0 
          }
        }
        <VertexRef> {
          0 1 2 3 4 5 6 7 8 9 10 11 12 13 14 15 16 17 18 20 21 22 23 24 25 26 27 28 29 30 31 32 33 34 35 36 38 39 40 41 43 45 46 47 48 49 50 51 52 53 54 55 56 58 59 60 61 62 63 66 67 70 71 72 73 74 75 76 78 80 82 83 84 85 86 87 88 89 90 91 92 93 94 95 96 97 98 99 100 101 102 103 104 105 107 108 109 110 111 112 113 114 115 116 117 118 119 120 121 122 123 124 125 126 127 128 129 130 131 132 133 134 135 137 138 139 140 141 142 143 144 145 146 147 148 149 150 151 152 153 154 155 156 157 158 159 160 161 162 163 164 165 166 167 168 169 170 171 173 174 175 176 178 179 181 182 183 184 185 186 188 191 192 194 195 196 197 198 199 200 201 202 203 204 205 206 207 208 209 210 211 212 213 214 215 216 217 218 219 220 221 222 223 224 225 226 227 228 229 230 231 232 233 234 235 245 246 248 249 250 251 252 253 254 255 259 260 263 264 276 279 282 283 302 303 305 306 308 310 311 312 313 314 315 316 317 318 319 320 321 322 323 324 325 326 327 328 329 330 331 332 333 334 335 336 337 338 339 340 341 342 343 344 345 346 347 349 352 356 359 360 361 362 363 364 365 366 367 368 369 370 371 372 373 374 375 376 377 378 379 380 381 382 383 384 385 386 387 388 389 390 391 392 393 395 397 399 400 401 402 403 404 405 406 407 408 409 410 411 412 413 414 415 416 417 419 420 422 423 424 425 426 427 428 429 430 431 432 433 434 435 436 437 438 439 440 441 442 443 444 445 446 447 448 449 450 451 452 453 454 455 456 457 458 459 460 461 462 463 464 465 467 468 469 470 471 472 473 474 475 476 477 478 479 480 481 482 483 486 487 488 489 490 492 493 494 495 496 497 498 499 500 501 502 503 504 505 506 507 508 509 510 511 512 513 514 515 516 517 518 520 523 525 526 527 528 529 530 531 532 533 534 535 536 537 540 541 550 551 552 553 554 555 556 557 558 559 561 562 563 564 566 568 572 585 586 588 589 601 602 604 605 606 607 608 609 611 613 614 616 617 619 620 621 622 623 624 625 626 627 628 629 630 632 644 645 646 647 648 649 650 651 652 653 654 656 661 662 663 664 665 666 667 668 669 670 671 672 675 676 677 678 681 684 686 687 689 690 691 692 693 694 695 696 697 699 700 701 704 705 706 707 708 709 710 711 712 713 714 715 716 717 718 725 726 727 728 729 730 731 732 736 737 738 740 741 742 744 746 747 748 750 751 752 753 756 758 759 760 761 762 763 764 765 766 767 768 769 770 772 773 775 776 777 781 782 783 784 785 786 787 788 789 792 793 797 798 799 800 801 803 804 805 806 807 808 809 810 817 818 826 827 828 829 830 831 832 833 834 835 836 837 838 839 840 841 842 843 844 845
          <Scalar> membership { 0.000000 }  <Ref> { Locust.001 }
        }
        <Joint> Bone.006 {
          <Transform> {
            <Matrix4> {
              -0.06731030344963074 -0.9956938624382019 0.06374354660511017 0.0 
              0.9719265699386597 -0.0798717588186264 -0.2213127464056015 0.0 
              0.2254510372877121 0.04705745726823807 0.9731173515319824 0.0 
              -8.731149137020111e-11 0.00872399564832449 1.6370904631912708e-10 1.0 
            }
          }
          <VertexRef> {
            64 66 67 68 69 79 80 81 396 397 673 676 680 682 683 685 688 696 697 698 713 745 747 749 760 763 764 766 767 768 769 770 771 772 773 774 776 779 785 786 788 791
            <Scalar> membership { 1.000000 }  <Ref> { Locust.001 }
          }
          <VertexRef> {
            82 92 99 101 399 411
            <Scalar> membership { 0.003333 }  <Ref> { Locust.001 }
          }
          <VertexRef> {
            746 748 756 765 777
            <Scalar> membership { 0.024074 }  <Ref> { Locust.001 }
          }
          <VertexRef> {
            668 670 690 718
            <Scalar> membership { 0.130311 }  <Ref> { Locust.001 }
          }
          <VertexRef> {
            88 93 96 103 405 413
            <Scalar> membership { 0.014370 }  <Ref> { Locust.001 }
          }
          <VertexRef> {
            0 1 2 3 4 5 6 7 8 9 10 11 12 13 14 15 16 17 18 19 20 21 22 24 25 26 27 28 29 30 31 32 33 34 35 36 37 38 39 40 41 42 43 44 45 46 47 48 49 50 51 52 53 54 55 57 58 59 60 61 62 63 65 70 71 72 73 74 75 76 77 78 83 84 85 86 87 89 90 91 94 95 97 98 100 102 104 105 106 107 108 109 110 111 112 113 114 115 116 117 118 119 120 121 122 123 124 125 126 127 128 129 130 131 132 133 134 135 136 137 138 139 140 141 142 143 144 145 146 147 148 149 150 151 152 154 155 156 159 160 161 162 163 164 165 166 167 168 169 170 171 172 173 174 175 176 177 178 179 180 181 182 183 184 185 186 187 188 189 190 193 194 195 196 197 199 200 201 202 203 204 205 206 207 208 209 210 211 212 213 214 215 216 217 218 219 220 221 222 223 224 225 226 227 228 229 230 231 232 233 234 235 236 237 240 242 244 245 246 247 248 249 250 251 252 253 254 255 256 257 258 259 260 261 262 263 264 265 266 267 268 269 270 271 272 273 274 275 276 277 278 279 280 281 282 283 284 285 286 287 288 289 290 291 292 293 294 295 296 297 298 299 300 301 302 303 304 305 306 307 309 311 312 314 315 316 317 318 319 320 321 322 323 324 325 326 327 328 329 330 331 332 333 334 335 336 337 338 339 340 341 342 343 344 345 346 347 348 349 350 351 352 353 354 355 356 357 358 360 361 362 363 364 365 366 367 368 369 370 371 372 373 376 377 378 379 380 381 382 383 384 385 387 388 389 390 391 392 393 394 395 398 400 401 402 403 404 406 407 408 409 410 412 414 415 416 417 418 419 420 421 422 423 424 425 426 427 428 429 430 431 432 433 434 435 436 437 438 439 440 441 442 443 444 445 446 447 448 449 450 451 452 453 454 455 456 457 458 459 460 461 462 463 464 465 466 468 469 470 471 472 473 474 475 476 477 478 479 480 481 482 483 484 485 486 487 488 489 491 492 493 494 495 496 497 498 501 502 503 504 506 507 508 509 510 511 512 513 514 515 516 517 518 519 520 521 522 523 524 525 526 527 528 529 530 531 532 533 534 535 536 537 538 539 540 541 542 543 544 546 548 550 551 552 553 554 555 556 557 558 559 560 561 562 563 564 565 566 567 568 569 570 571 572 573 574 575 576 577 578 579 580 581 582 583 584 585 586 587 588 589 590 591 592 593 594 595 596 597 598 599 600 601 602 603 604 606 607 608 609 610 611 612 613 614 615 616 617 618 619 620 621 622 623 624 625 626 627 628 629 630 631 632 633 634 635 636 637 638 639 640 641 642 643 645 646 647 648 649 650 651 652 653 654 655 656 657 658 661 662 663 664 665 666 669 671 672 674 679 681 684 686 687 689 691 692 693 695 699 700 701 702 703 704 705 706 707 708 710 711 712 714 717 719 720 721 722 723 724 725 726 727 728 729 730 731 732 733 734 735 736 737 738 739 740 741 742 744 750 751 752 753 755 758 759 775 778 780 781 782 783 784 787 789 790 792 793 796 797 798 799 800 801 803 804 805 806 807 808 809 810 811 812 813 814 815 816 817 818 819 820 821 822 823 824 825 826 827 828 829 830 831 832 833 834 835 836 837 838 839 840 841 842 843 844 845
            <Scalar> membership { 0.000000 }  <Ref> { Locust.001 }
          }
          <VertexRef> {
            667 694 716
            <Scalar> membership { 0.121846 }  <Ref> { Locust.001 }
          }
          <VertexRef> {
            754 757
            <Scalar> membership { 0.001596 }  <Ref> { Locust.001 }
          }
          <VertexRef> {
            23 375 386 675 678 709 715 761
            <Scalar> membership { 0.049677 }  <Ref> { Locust.001 }
          }
          <VertexRef> {
            677 762
            <Scalar> membership { 0.561276 }  <Ref> { Locust.001 }
          }
          <Joint> Bone.008 {
            <Transform> {
              <Matrix4> {
                -0.9966835975646973 -0.056966494768857956 0.05810825526714325 0.0 
                0.03284958004951477 -0.9349827766418457 -0.35316741466522217 0.0 
                0.07444824278354645 -0.35008567571640015 0.9337515830993652 0.0 
                -1.7462298274040222e-10 0.019483203068375587 -7.8580342233181e-10 1.0 
              }
            }
            <VertexRef> {
              666 667 668 669 670 671 689 690 691 692 693 694 695 700 701 702 703 716 717 718 723 724 725 750 751 752 753 754 755 757 758 759 775 778 780 781 782 783 784 787 789 790
              <Scalar> membership { 1.000000 }  <Ref> { Locust.001 }
            }
            <VertexRef> {
              745 749 771 779 791
              <Scalar> membership { 0.051139 }  <Ref> { Locust.001 }
            }
            <VertexRef> {
              0 1 2 3 4 5 6 7 8 9 10 11 12 13 14 15 16 17 18 19 20 21 22 23 24 25 26 27 28 29 30 31 32 33 34 35 36 37 38 39 40 41 42 43 44 45 46 47 48 49 50 51 52 53 54 55 56 57 58 59 60 61 62 63 64 65 66 67 68 69 70 71 72 73 74 75 76 77 78 79 80 81 82 83 84 85 86 87 88 89 90 91 92 93 94 95 96 97 98 99 100 101 102 103 104 105 106 107 108 109 110 111 112 113 114 115 116 117 118 119 120 121 122 123 124 125 126 127 128 129 130 131 132 133 134 135 136 137 138 139 140 141 142 143 144 145 146 147 148 149 150 151 152 153 154 155 156 157 158 159 160 161 162 163 164 165 166 167 168 169 170 171 172 173 174 175 176 177 178 179 181 182 183 184 185 186 187 188 189 190 191 192 193 194 195 196 197 198 199 200 201 202 203 204 205 206 207 208 209 210 211 212 213 214 215 216 217 218 219 220 221 222 223 224 225 226 227 228 229 230 231 232 233 234 235 236 237 238 239 240 241 242 243 244 245 246 247 248 249 250 251 252 253 254 255 256 257 258 259 260 261 262 263 264 265 266 267 268 269 270 271 272 273 274 275 276 277 278 279 280 281 282 283 284 285 286 287 288 289 290 291 292 293 294 295 296 297 298 299 300 301 302 303 304 305 306 307 308 309 310 311 312 313 314 315 316 317 318 319 320 321 322 323 324 325 326 327 328 329 330 331 332 333 334 335 336 337 338 339 340 341 342 343 344 345 346 347 348 349 350 351 352 353 354 355 356 357 358 359 360 361 362 363 364 365 366 367 368 369 370 371 372 373 374 375 376 377 378 379 380 381 382 383 384 385 386 387 388 389 390 391 392 393 394 395 396 397 398 399 400 401 402 403 404 405 406 407 408 409 410 411 412 413 414 415 416 417 418 419 420 421 422 423 424 425 426 427 428 429 430 431 432 433 434 435 436 437 438 439 440 441 442 443 444 445 446 447 448 449 450 451 452 453 454 455 456 457 458 459 460 461 462 463 464 465 466 467 468 469 470 471 472 473 474 475 476 477 478 479 480 481 482 483 484 485 486 487 488 489 490 492 493 494 495 496 497 498 499 500 501 502 503 504 505 506 507 508 509 510 511 512 513 514 515 516 517 518 519 520 521 522 523 524 525 526 527 528 529 530 531 532 533 534 535 536 537 538 539 540 541 542 543 544 545 546 547 548 549 550 551 552 553 554 555 556 557 558 559 560 561 562 563 564 565 566 567 568 569 570 571 572 573 574 575 576 577 578 579 580 581 582 583 584 585 586 587 588 589 590 591 592 593 594 595 596 597 598 599 600 601 602 603 604 605 606 607 608 609 610 611 613 614 615 616 617 618 619 620 621 622 623 624 625 626 627 628 629 630 631 632 633 634 635 636 637 638 639 640 641 642 644 645 646 647 648 649 650 651 652 653 654 655 656 657 658 661 662 663 664 665 672 673 674 675 676 677 678 679 680 681 682 683 684 685 686 687 688 696 697 698 699 704 705 706 707 708 709 710 711 712 713 714 715 719 722 726 727 728 729 730 731 732 733 734 735 736 737 738 739 740 741 742 744 746 747 748 756 760 761 762 763 764 765 766 767 768 769 770 772 773 774 776 777 785 786 788 792 793 796 797 798 799 800 801 803 804 805 806 807 808 809 810 811 812 813 814 817 818 819 820 821 822 823 824 825 826 827 828 829 830 831 832 833 834 835 836 837 838 839 840 841 842 843 844 845
              <Scalar> membership { 0.000000 }  <Ref> { Locust.001 }
            }
          }
        }
      }
      <Joint> Bone.003 {
        <Transform> {
          <Matrix4> {
            0.9996722936630249 0.0020228156354278326 0.02552034705877304 0.0 
            -0.004176133777946234 0.9964056611061096 0.08460784703493118 0.0 
            -0.025257468223571777 -0.08468668907880783 0.9960874915122986 0.0 
            4.3655745685100555e-11 0.022677646949887276 7.543121682829224e-10 1.0 
          }
        }
        <VertexRef> {
          0 1 2 3 4 5 6 7 8 9 10 11 12 13 14 15 16 17 18 19 20 21 22 23 24 25 26 29 32 33 35 37 42 43 44 48 49 50 51 52 53 54 55 56 57 61 62 63 64 65 66 67 68 70 71 72 73 74 75 76 77 78 79 80 81 83 84 85 86 87 89 90 109 110 112 113 115 116 117 119 121 123 126 127 128 129 130 131 132 133 134 135 139 140 141 142 143 144 145 146 147 148 149 150 151 152 153 154 155 156 157 158 159 160 161 162 163 164 165 166 167 168 169 172 173 174 175 176 177 179 180 187 188 189 190 191 192 193 194 195 196 197 198 199 201 203 205 206 207 208 209 210 211 212 213 214 215 216 217 218 219 220 221 222 223 224 225 226 227 228 229 230 231 232 233 234 235 236 237 238 239 240 241 242 243 244 245 246 247 248 249 250 251 252 253 254 255 256 257 258 259 260 261 262 263 264 265 266 268 269 270 271 272 273 275 276 277 278 279 280 281 282 283 285 286 288 290 292 294 303 304 305 307 308 309 310 311 312 313 314 315 316 317 318 319 320 321 322 323 324 325 326 327 328 329 330 331 332 333 334 336 337 338 339 340 341 342 343 344 346 347 348 350 351 353 354 355 357 358 365 366 367 368 369 370 371 372 373 374 375 376 377 378 379 380 381 382 383 384 385 386 387 388 389 390 391 392 393 394 395 396 397 398 401 402 403 404 406 408 409 412 430 431 432 434 436 437 438 440 441 442 443 444 445 446 447 448 449 450 451 452 453 454 455 456 457 458 459 460 461 462 463 464 465 466 467 468 469 470 472 473 474 475 476 477 478 479 480 484 485 486 487 489 491 492 495 496 497 498 499 500 501 502 503 506 507 508 510 511 512 513 514 515 516 517 518 519 520 521 522 523 524 525 526 527 528 529 530 531 532 533 534 535 536 537 538 539 540 541 542 543 544 545 546 547 548 549 550 551 552 553 554 555 556 557 558 559 560 561 562 563 564 565 566 567 568 569 570 571 572 573 574 575 576 577 578 580 581 582 583 584 585 586 587 588 589 590 591 593 594 597 601 602 603 604 605 606 607 608 609 610 611 612 623 624 628 630 631 632 633 634 635 636 637 638 639 640 641 642 643 655 656 657 658 661 662 663 664 665 666 667 668 669 670 671 672 673 674 675 676 677 678 679 680 681 682 683 684 685 686 687 689 690 691 692 693 694 695 696 697 699 700 701 704 705 706 707 708 709 710 711 712 713 714 715 716 717 718 719 720 721 722 725 726 727 728 729 730 731 732 733 734 735 736 737 738 739 740 741 742 744 745 746 747 748 749 750 751 752 753 756 758 759 760 761 762 763 764 765 766 767 768 769 770 771 772 773 774 775 776 777 779 781 782 783 784 785 786 787 788 789 791 792 793 796 797 798 799 800 801 803 805 806 808 809 810 811 812 813 814 815 816 817 818 819 820 821 822 823 824 825 826 827 828 831 837 839 842
          <Scalar> membership { 0.000000 }  <Ref> { Locust.001 }
        }
        <Joint> Bone.004 {
          <Transform> {
            <Matrix4> {
              0.9994252324104309 -0.003765841480344534 0.03369396552443504 0.0 
              0.012951704673469067 0.9608456492424011 -0.2767816185951233 0.0 
              -0.031332384794950485 0.277058869600296 0.9603420495986938 0.0 
              -6.252776074688882e-12 0.006342293228954077 -3.114735136477975e-10 1.0 
            }
          }
          <VertexRef> {
            0 1 2 3 4 5 6 7 8 9 10 11 12 13 14 15 16 17 18 20 21 22 23 24 25 26 27 28 29 30 31 32 33 34 35 36 37 38 39 40 41 42 43 44 45 46 47 48 49 50 51 52 53 54 55 56 58 59 60 61 62 63 64 65 66 67 68 69 70 71 72 73 74 75 76 77 78 79 80 81 82 83 84 85 86 87 88 89 90 91 92 93 94 95 96 97 98 99 100 101 102 103 104 105 106 107 108 109 110 111 112 113 114 115 116 117 118 119 120 121 122 123 124 125 126 127 128 129 130 131 133 135 136 137 138 139 140 141 142 143 144 145 146 147 148 149 150 151 152 153 154 155 156 157 158 159 160 161 162 163 164 165 166 167 168 169 170 171 172 173 174 175 176 177 178 179 180 181 182 183 184 185 186 187 188 189 190 191 192 194 195 196 197 198 199 200 201 202 203 204 205 206 207 208 209 210 211 212 213 214 215 216 217 218 219 220 221 222 223 224 225 226 227 228 229 230 231 232 234 235 236 237 238 239 240 241 242 243 244 245 246 248 251 252 255 261 265 266 269 272 276 277 279 281 282 283 302 303 304 305 306 307 308 310 311 312 313 314 315 316 317 318 319 320 321 322 323 324 325 326 327 328 329 330 331 332 333 334 335 336 337 338 339 340 341 342 343 344 345 346 347 348 349 350 351 352 353 354 355 356 357 358 359 360 361 362 363 364 365 366 367 368 369 370 371 372 373 374 375 376 377 378 379 380 381 382 383 384 385 386 387 388 389 390 391 392 393 394 395 396 397 398 399 400 401 402 403 404 405 406 407 408 409 410 411 412 413 414 415 416 417 418 419 420 421 422 423 424 425 426 427 428 429 430 431 432 433 434 435 436 437 438 439 440 441 442 443 444 445 446 447 448 449 450 451 452 453 454 455 456 457 458 459 460 461 462 463 464 465 467 468 469 470 471 472 473 474 475 476 477 478 479 480 481 482 483 484 485 486 487 488 489 490 491 492 493 494 495 496 497 498 499 500 501 502 503 504 505 506 507 508 509 510 511 512 513 514 515 516 517 518 519 520 521 522 523 524 525 526 527 528 529 532 533 534 535 536 537 538 539 540 541 542 543 544 545 546 547 548 549 550 551 552 554 555 556 557 558 561 562 563 564 569 570 571 575 577 578 582 584 585 586 588 589 601 602 603 604 605 606 607 608 609 610 611 612 613 614 615 616 617 618 619 620 621 622 623 624 625 626 627 628 629 630 631 632 633 634 635 636 637 638 639 640 641 642 643 644 645 646 647 648 649 650 651 652 653 654 655 656 657 658 661 662 666 667 668 669 670 671 672 673 674 675 676 677 678 679 680 681 682 683 684 685 686 687 688 689 690 691 692 693 694 695 697 698 699 701 704 705 706 707 708 709 710 711 712 714 715 716 717 718 719 720 721 722 725 728 729 730 731 732 733 734 735 736 739 742 744 747 750 751 752 753 758 759 761 762 763 764 768 769 772 773 774 775 781 782 783 787 792 793 796 798 799 801 803 804 805 806 807 809 810 811 812 813 814 815 816 817 818 819 820 821 822 823 824 825 827 828 829 830 831 832 833 834 835 836 837 838 839 840 841 842 843 844 845
            <Scalar> membership { 0.000000 }  <Ref> { Locust.001 }
          }
          <Joint> Bone.009 {
            <Transform> {
              <Matrix4> {
                0.013202685862779617 0.5016393661499023 -0.8649759888648987 0.0 
                -0.9223451018333435 0.34017086029052734 0.18320238590240479 0.0 
                0.38614121079444885 0.7953876852989197 0.46717584133148193 0.0 
                -8.003553375601768e-11 0.005856764502823353 -2.3628672352060676e-09 1.0 
              }
            }
            <VertexRef> {
              78 109 111 113 114 115 118 120 121 122 123 124 125 126 127 128 129 130 131 132 133 134 135 393 429 432 433 434 435 436 437 438 439 440 441 442 443 808 809 810 826 827 828
              <Scalar> membership { 1.000000 }  <Ref> { Locust.001 }
            }
            <VertexRef> {
              30 33 34 36 37 42 44 45 49 50 60 76 77 110 112 116 117 119 172 177 187 188 189 190 282 341 343 345 347 348 349 350 351 352 353 354 355 357 358 366 371 394 395 430 431 484 485 519 520 524 610 631 633 634 635 636 637 638 639 640 641 642 655 657 658 719 722 811 812 813 814 819 820 821 822 823 824 825 833
              <Scalar> membership { 0.000000 }  <Ref> { Locust.001 }
            }
          }
          <Joint> Bone.010 {
            <Transform> {
              <Matrix4> {
                0.10697537660598755 -0.505045473575592 0.8564374446868896 0.0 
                0.9351829886436462 0.34361031651496887 0.08581738919019699 0.0 
                -0.3376224637031555 0.7917454242706299 0.5090677738189697 0.0 
                -8.003553375601768e-11 0.005856764502823353 -2.3628672352060676e-09 1.0 
              }
            }
            <VertexRef> {
              275 278 280 284 285 286 287 288 289 290 291 292 293 294 295 296 297 298 299 300 301 580 581 583 587 590 591 592 593 594 595 596 597 598 599 600
              <Scalar> membership { 1.000000 }  <Ref> { Locust.001 }
            }
            <VertexRef> {
              168 173 174 175 205 208 276 277 279 281 283 370 470 476 477 478 479 487 496 497 521 522 523 582 584 585 586 588 589 656
              <Scalar> membership { 0.000000 }  <Ref> { Locust.001 }
            }
          }
        }
        <Joint> Bone.012 {
          <Transform> {
            <Matrix4> {
              -0.02926618605852127 -0.2560167610645294 0.9662292003631592 0.0 
              0.9920400381088257 -0.12587997317314148 -0.003305842401459813 0.0 
              0.12247525900602341 0.9584411978721619 0.25766295194625854 0.0 
              -6.252776074688882e-12 0.006342293228954077 -3.114735136477975e-10 1.0 
            }
          }
          <VertexRef> {
            218 220 222 245 246 247 248 250 251 252 253 255 256 257 258 260 261 262 263 265 266 267 268 269 270 271 272 273 274 515 516 554 555 556 557 559 560 561 562 563 565 566 567 569 570 571 573 574 575 576 577 578 579
            <Scalar> membership { 1.000000 }  <Ref> { Locust.001 }
          }
          <VertexRef> {
            249 254 259 264 553 568 572
            <Scalar> membership { 0.952615 }  <Ref> { Locust.001 }
          }
        }
        <Joint> Bone.014 {
          <Transform> {
            <Matrix4> {
              -0.028777047991752625 0.2539759576320648 -0.9667824506759644 0.0 
              -0.9963937997817993 -0.08452067524194717 0.007454756181687117 0.0 
              -0.07981979846954346 0.9635106325149536 0.25549235939979553 0.0 
              -6.252776074688882e-12 0.006342293228954077 -3.114735136477975e-10 1.0 
            }
          }
          <VertexRef> {
            74 83 85 401 402 409
            <Scalar> membership { 0.999871 }  <Ref> { Locust.001 }
          }
          <VertexRef> {
            71 82 84 86 88 89 90 91 92 93 94 95 96 97 98 99 100 101 102 103 104 105 106 107 108 388 391 392 399 400 404 405 406 407 408 410 411 412 413 414 415 416 417 418 419 420 421 422 423 424 425 426 427 428
            <Scalar> membership { 1.000000 }  <Ref> { Locust.001 }
          }
          <VertexRef> {
            6 9 12 21 22 23 24 28 35 62 63 64 65 68 69 73 79 81 139 144 146 148 149 150 155 166 168 169 170 171 173 174 175 176 200 201 202 204 205 208 213 216 218 220 222 224 225 226 227 228 229 230 231 233 234 235 245 246 247 248 249 250 251 252 253 254 255 256 257 258 259 260 261 262 263 264 265 266 268 269 270 271 272 273 275 276 277 278 279 280 281 283 284 285 286 287 288 289 290 291 292 293 294 295 296 297 298 299 300 301 315 317 318 322 323 324 326 327 335 336 339 340 342 344 367 370 375 376 377 380 383 384 385 386 389 396 398 403 444 450 451 453 454 455 456 459 461 462 463 464 469 470 471 472 473 476 477 478 479 486 487 488 489 496 497 501 502 506 508 509 510 511 512 515 516 521 522 523 526 527 528 529 530 532 533 534 535 536 537 540 541 550 552 553 554 555 556 557 559 560 561 562 563 565 566 567 568 569 570 571 572 573 574 575 576 577 578 580 581 582 583 584 585 586 587 588 589 590 591 592 593 594 595 596 597 598 599 600 608 611 632 656 661 662 663 665 672 673 674 675 676 677 678 679 680 682 683 684 685 687 688 698 699 705 706 707 708 709 710 711 712 714 715 726 727 728 729 730 731 732 736 738 742 744 761 762 763 773 774 792 793 797 798 799 800 801 803 805 806 831 837 838 839 840 842 843
            <Scalar> membership { 0.000000 }  <Ref> { Locust.001 }
          }
        }
      }
      <Joint> Bone.011 {
        <Transform> {
          <Matrix4> {
            -0.010539716109633446 -0.33979475498199463 0.9404407739639282 0.0 
            0.9999209046363831 -0.010074449703097343 0.007566087879240513 0.0 
            0.006903504021465778 0.9404458999633789 0.3398739695549011 0.0 
            4.3655745685100555e-11 0.022677646949887276 7.543121682829224e-10 1.0 
          }
        }
      }
      <Joint> Bone.013 {
        <Transform> {
          <Matrix4> {
            0.010508058592677116 0.33549025654792786 -0.9419850707054138 0.0 
            -0.9999207258224487 0.010074285790324211 -0.007566322106868029 0.0 
            0.006951398681849241 0.9419898986816406 0.33556950092315674 0.0 
            4.3655745685100555e-11 0.022677646949887276 7.543121682829224e-10 1.0 
          }
        }
      }
    }
    <Group> Locust.001 {
      <Transform> {
        <Matrix4> {
          1.0 0.0 0.0 0.0 
          0.0 1.0 0.0 0.0 
          0.0 0.0 1.0 0.0 
          0.0 0.0 0.0 1.0 
        }
      }
      
      <VertexPool> Locust.001 {
      
        <Vertex> 0 {-0.001555 0.034726 0.005122
        <Normal> { -0.411359 0.171636 -0.895138 }
          <UV>  {
            0.968886 0.248754 
          }
        }
        <Vertex> 1 {-0.003531 0.025209 0.007985
        <Normal> { -0.998016 0.062136 -0.010041 }
          <UV>  {
            0.878048 0.399750 
          }
        }
        <Vertex> 2 {-0.002376 0.040095 0.008263
        <Normal> { -0.833766 0.511124 -0.208625 }
          <UV>  {
            0.895200 0.125880 
          }
        }
